#PATH-POINTS-START Path
-87.055,-154.225,120,0
-85.261,-153.66,120
-84.381,-151.878,120
-83.949,-149.928,120
-83.705,-147.943,120
-83.572,-145.948,120
-83.508,-143.949,120
-83.492,-141.949,120
-83.515,-139.949,120
-83.564,-137.95,120
-83.636,-135.951,120
-83.726,-133.953,120
-83.828,-131.956,120
-83.943,-129.959,120
-84.068,-127.963,120
-84.2,-125.967,120
-84.338,-123.972,120
-84.481,-121.977,120
-84.628,-119.982,120
-84.779,-117.988,120
-84.931,-115.994,120
-85.085,-114,120
-85.24,-112.006,120
-85.395,-110.012,120
-85.55,-108.018,120
-85.704,-106.024,120
-85.856,-104.03,120
-86.007,-102.035,120
-86.155,-100.041,120
-86.301,-98.046,120
-86.443,-96.051,120
-86.582,-94.056,120
-86.717,-92.061,120
-86.848,-90.065,120
-86.973,-88.069,120
-87.092,-86.072,120
-87.206,-84.076,120
-87.314,-82.079,120
-87.415,-80.081,120
-87.508,-78.083,120
-87.594,-76.085,120
-87.672,-74.087,120
-87.741,-72.088,120
-87.8,-70.089,120
-87.849,-68.089,120
-87.888,-66.09,120
-87.914,-64.09,120
-87.927,-62.09,120
-87.928,-60.09,120
-87.914,-58.09,120
-87.884,-56.09,120
-87.839,-54.091,120
-87.775,-52.092,120
-87.693,-50.094,120
-87.59,-48.096,120
-87.464,-46.1,120
-87.315,-44.106,120
-87.139,-42.114,120
-86.935,-40.124,120
-86.699,-38.138,120
-86.426,-36.157,120
-86.114,-34.181,120
-85.76,-32.213,120
-85.358,-30.254,120
-84.904,-28.306,120
-84.386,-26.375,120
-83.797,-24.464,120
-83.133,-22.577,120
-82.371,-20.728,120
-81.508,-18.925,120
-80.518,-17.188,120
-79.395,-15.534,120
-78.106,-14.006,120
-76.649,-12.639,120
-75.022,-11.481,120
-73.242,-10.576,120
-71.344,-9.954,120
-69.373,-9.623,120
-67.395,-9.383,120,0
-65.457,-8.89,120
-63.541,-8.315,120
-61.669,-7.615,120
-59.856,-6.773,120
-58.157,-5.722,120
-56.679,-4.382,120
-55.615,-2.701,120
-55.211,-0.755,120
-55.472,1.221,120
-56.196,3.082,120
-57.188,4.816,120
-58.349,6.444,120
-59.619,7.988,120
-60.965,9.467,120
-62.363,10.897,120
-63.803,12.286,120
-65.271,13.643,120
-66.762,14.977,120
-68.269,16.291,120
-69.788,17.592,120
-71.316,18.883,120
-72.848,20.168,120
-74.383,21.451,120
-75.915,22.736,120
-77.444,24.025,120
-78.965,25.324,120
-80.475,26.635,120
-81.969,27.965,120
-83.443,29.317,120
-84.889,30.699,120
-86.297,32.118,120
-87.659,33.583,120
-88.953,35.108,120
-90.15,36.71,120
-91.201,38.411,120
-92.022,40.231,120
-92.475,42.173,120
-92.351,44.16,120
-91.539,45.977,120
-90.215,47.467,120
-88.606,48.648,120
-86.848,49.599,120
-85.005,50.374,120
-83.114,51.024,120
-81.191,51.571,120
-79.247,52.044,120
-77.29,52.454,120
-75.322,52.811,120
-73.347,53.124,120
-71.366,53.399,120
-69.381,53.642,120
-67.393,53.858,120
-65.402,54.047,120
-63.408,54.21,120
-61.414,54.355,120
-59.418,54.484,120
-57.421,54.592,120
-55.423,54.686,120
-53.425,54.77,120
-51.426,54.833,120
-49.427,54.89,120
-47.427,54.933,120
-45.427,54.966,120
-43.428,54.991,120
-41.428,55.004,120,0
-39.428,55.012,120
-37.429,54.941,120
-35.431,54.871,120
-33.431,54.838,120
-31.431,54.85,120
-29.433,54.918,120
-27.437,55.055,120
-25.453,55.301,120
-23.489,55.676,120
-21.583,56.275,120
-19.854,57.265,120
-18.708,58.864,120
-18.712,60.836,120
-19.504,62.666,120
-20.632,64.315,120
-21.935,65.832,120
-23.336,67.258,120
-24.8,68.621,120
-26.314,69.927,120
-27.86,71.196,120
-29.434,72.431,120
-31.03,73.636,120
-32.642,74.819,120
-34.269,75.982,120
-35.909,77.127,120
-37.558,78.258,120
-39.217,79.375,120
-40.884,80.481,120
-42.557,81.576,120
-44.237,82.662,120
-45.922,83.739,120
-47.612,84.809,120
-49.305,85.873,120
-51.003,86.931,120
-52.703,87.983,120
-54.407,89.032,120
-56.112,90.076,120
-57.82,91.116,120
-59.53,92.154,120
-61.242,93.189,120
-62.954,94.221,120
-64.668,95.252,120
-66.383,96.282,120
-68.098,97.311,120
-69.813,98.339,120
-71.529,99.367,120
-73.244,100.396,120
-74.959,101.425,120
-76.673,102.455,120
-78.386,103.487,120
-80.098,104.522,120
-81.808,105.559,120
-83.516,106.599,120
-85.222,107.643,120
-86.925,108.691,120
-88.625,109.745,120
-90.321,110.805,120
-92.013,111.871,120
-93.7,112.946,120
-95.381,114.03,120
-97.054,115.125,120
-98.719,116.234,120
-100.374,117.357,120
-102.016,118.498,120
-103.644,119.66,120
-105.252,120.849,120
-106.835,122.072,120
-108.385,123.335,120
-109.885,124.658,120
-111.308,126.062,120
-112.593,127.593,120
-113.542,129.344,120
-113.372,131.263,120
-111.765,132.396,120
-110.569,133.684,120,0
-109.756,135.508,120
-108.632,137.159,120
-107.275,138.624,120
-105.747,139.912,120
-104.096,141.039,120
-102.364,142.037,120
-100.573,142.928,120
-98.735,143.714,120
-96.865,144.424,120
-94.971,145.065,120
-93.058,145.647,120
-91.129,146.176,120
-89.188,146.659,120
-87.237,147.1,120
-85.279,147.504,120
-83.313,147.874,120
-81.343,148.215,120
-79.368,148.529,120
-77.389,148.818,120
-75.406,149.084,120
-73.422,149.33,120
-71.434,149.553,120
-69.445,149.758,120
-67.454,149.947,120
-65.461,150.122,120
-63.468,150.283,120
-61.473,150.425,120
-59.477,150.556,120
-57.481,150.677,120
-55.484,150.786,120
-53.486,150.881,120
-51.488,150.967,120
-49.489,151.044,120
-47.491,151.112,120
-45.491,151.169,120
-43.492,151.219,120
-41.492,151.262,120
-39.493,151.294,120
-37.493,151.32,120
-35.493,151.341,120
-33.493,151.352,120
-31.493,151.358,120
-29.493,151.359,120
-27.493,151.352,120
-25.493,151.34,120
-23.493,151.323,120
-21.493,151.3,120
-19.494,151.272,120
-17.494,151.241,120
-15.494,151.203,120
-13.495,151.161,120
-11.495,151.116,120
-9.496,151.065,120
-7.496,151.011,120
-5.497,150.954,120
-3.498,150.891,120
-1.499,150.826,120
0.5,150.759,120
2.498,150.686,120
4.497,150.611,120
6.495,150.534,120
8.494,150.452,120
10.492,150.369,120
12.49,150.283,120
14.488,150.194,120
16.486,150.103,120
18.484,150.01,120
20.482,149.914,120
22.479,149.816,120
24.477,149.717,120
26.474,149.615,120
28.471,149.512,120
30.469,149.408,120
32.466,149.302,120
34.463,149.195,120
36.46,149.086,120
38.457,148.977,120
40.454,148.866,120
42.451,148.755,120
44.448,148.643,120
46.445,148.531,120
48.442,148.419,120
50.438,148.306,120
52.435,148.193,120
54.432,148.081,120
56.429,147.969,120
58.426,147.858,120
60.423,147.748,120
62.42,147.64,120
64.417,147.533,120
66.414,147.428,120
68.412,147.326,120
70.409,147.226,120
72.407,147.13,120
74.405,147.038,120
76.403,146.951,120
78.401,146.869,120
80.4,146.795,120
82.399,146.729,120
84.398,146.674,120
86.397,146.63,120
88.397,146.602,120
90.397,146.595,120
92.397,146.616,120
94.396,146.673,120
96.393,146.788,120
98.38,147.007,120
100.319,147.478,120
102.049,148.471,120,0
103.736,147.981,120
104.003,146.013,120
103.839,144.021,120
103.526,142.046,120
103.137,140.084,120
102.702,138.132,120
102.237,136.187,120
101.752,134.247,120
101.253,132.31,120
100.745,130.376,120
100.231,128.443,120
99.715,126.51,120
99.198,124.578,120
98.682,122.646,120
98.169,120.713,120
97.661,118.779,120
97.159,116.843,120
96.665,114.905,120
96.179,112.964,120
95.704,111.022,120
95.242,109.076,120
94.793,107.127,120
94.36,105.174,120
93.944,103.218,120
93.547,101.258,120
93.173,99.293,120
92.823,97.324,120
92.496,95.351,120,0
92.117,93.388,120
91.627,91.449,120
90.994,89.552,120
90.177,87.728,120
89.121,86.033,120
87.777,84.556,120
86.141,83.415,120
84.286,82.679,120
82.321,82.319,120
80.324,82.247,120
78.328,82.372,120
76.345,82.627,120
74.373,82.961,120
72.409,83.341,120
70.449,83.738,120
68.489,84.134,120
66.524,84.511,120
64.554,84.854,120
62.576,85.15,120
60.59,85.386,120
58.597,85.552,120
56.599,85.637,120
54.6,85.631,120
52.603,85.527,120
50.614,85.317,120
48.64,84.997,120
46.687,84.567,120,0
44.747,84.08,120
42.813,83.572,120
40.886,83.036,120
38.97,82.464,120
37.069,81.841,120
35.195,81.143,120
33.369,80.33,120
31.639,79.329,120
30.1,78.056,120
28.746,76.584,120
27.35,75.153,120
25.812,73.876,120
24.166,72.742,120
22.45,71.714,120
20.693,70.759,120,0
18.961,69.759,120
17.315,68.625,120
15.911,67.212,120
15.627,65.322,120
16.862,63.768,120
18.37,62.455,120
19.784,61.043,120
20.833,59.35,120
21.206,57.398,120,0
21.526,55.435,120
22.672,53.825,120
24.418,52.868,120
26.339,52.319,120
28.3,51.925,120
30.265,51.554,120
32.22,51.13,120
34.149,50.603,120
36.035,49.939,120
37.857,49.116,120,0
39.685,48.306,120
41.585,47.688,120
43.552,47.338,120
45.55,47.301,120
47.537,47.52,120
49.507,47.863,120
51.478,48.208,120
53.459,48.48,120
55.451,48.651,120
57.45,48.713,120
59.45,48.683,120,0
61.449,48.643,120
63.449,48.612,120
65.449,48.596,120
67.449,48.601,120
69.449,48.627,120
71.448,48.66,120
73.448,48.685,120
75.448,48.699,120
77.448,48.703,120,0
79.448,48.691,120
81.448,48.643,120
83.444,48.528,120
85.428,48.281,120
87.393,47.906,120
89.365,47.573,120
91.349,47.323,120
93.34,47.132,120,0
95.336,47.008,120
97.335,46.987,120
99.332,47.095,120
101.322,47.291,120
103.313,47.484,120
105.308,47.629,120
107.305,47.721,120
107.281,47.064,120,0
105.422,46.329,120
103.538,45.657,120
101.646,45.008,120
99.75,44.371,120
97.852,43.742,120
95.952,43.117,120
94.052,42.494,120
92.151,41.872,120
90.25,41.25,120
88.35,40.627,120
86.45,40.002,120
84.55,39.375,120
82.652,38.746,120
80.755,38.113,120
78.859,37.476,120
76.964,36.836,120
75.071,36.19,120
73.18,35.539,120
71.291,34.882,120
69.405,34.218,120
67.521,33.547,120
65.64,32.867,120
63.762,32.178,120
61.889,31.478,120
60.019,30.767,120
58.155,30.042,120
56.298,29.301,120
54.447,28.542,120
52.606,27.761,120
50.776,26.954,120
48.961,26.115,120
47.166,25.233,120
45.399,24.297,120
43.678,23.279,120
42.041,22.13,120
40.624,20.728,120
40.846,19.384,120,0
42.777,18.866,120
44.709,18.347,120
46.64,17.828,120
48.572,17.309,120
50.503,16.79,120
52.435,16.271,120
54.366,15.752,120
56.298,15.233,120
58.229,14.714,120
60.161,14.195,120
62.092,13.676,120
64.024,13.158,120
65.955,12.639,120
67.887,12.12,120
69.818,11.601,120
71.75,11.082,120
73.707,10.98,120,0
75.688,11.255,120
77.669,11.529,120
79.651,11.803,120
81.632,12.075,120
83.613,12.347,120
85.595,12.618,120
87.577,12.888,120
89.559,13.156,120
91.541,13.423,120
93.523,13.689,120
95.506,13.953,120
97.488,14.214,120
99.472,14.472,120
101.455,14.727,120
103.44,14.976,120
105.425,15.217,120
107.413,15.436,120
107.598,15.285,120
105.627,14.943,120
103.653,14.625,120
101.677,14.316,120
99.7,14.015,120
97.722,13.718,120
95.743,13.426,120
93.764,13.137,120
91.785,12.851,120
89.805,12.568,120
87.825,12.288,120
85.844,12.011,120
83.863,11.737,120
81.881,11.465,120
79.899,11.196,120
77.917,10.93,120
75.935,10.666,120
73.952,10.406,120
71.968,10.148,120
69.985,9.894,120
68,9.644,120
66.016,9.397,120
64.03,9.154,120
62.045,8.916,120
60.058,8.682,120
58.071,8.454,120
56.084,8.232,120
54.095,8.018,120
52.106,7.811,120
50.116,7.615,120
48.124,7.431,120
46.131,7.263,120
44.137,7.117,120
42.14,7.002,120
40.141,6.943,120
38.141,6.971,120,0
36.144,6.896,120
34.888,5.969,120
36.552,4.879,120
38.372,4.051,120
40.227,3.304,120
42.099,2.6,120
43.981,1.922,120
45.869,1.264,120
47.762,0.618,120
49.659,-0.017,120
51.558,-0.644,120
53.459,-1.266,120
55.361,-1.883,120
57.265,-2.496,120
59.17,-3.106,120
61.075,-3.714,120
62.981,-4.321,120
64.886,-4.927,120
66.793,-5.533,120
68.699,-6.139,120
70.604,-6.745,120
72.51,-7.352,120
74.415,-7.961,120
76.32,-8.571,120
78.224,-9.182,120
80.128,-9.796,120
82.03,-10.413,120,0
84.008,-10.4,120
86.003,-10.26,120
87.999,-10.14,120
89.997,-10.056,120
91.997,-10.058,120
91.99,-10.723,120
90.053,-11.222,120
88.098,-11.64,120
86.135,-12.023,120
84.167,-12.384,120
82.198,-12.73,120
80.226,-13.064,120
78.252,-13.388,120
76.277,-13.703,120
74.301,-14.011,120
72.324,-14.313,120
70.346,-14.608,120
68.367,-14.897,120
66.387,-15.18,120
64.406,-15.458,120
62.425,-15.731,120
60.443,-15.999,120
58.46,-16.261,120
56.477,-16.517,120
54.493,-16.768,120
52.508,-17.013,120
50.522,-17.253,120
48.536,-17.486,120
46.549,-17.712,120
44.561,-17.931,120
42.572,-18.143,120
40.582,-18.347,120,0
38.594,-18.564,120
36.609,-18.81,120
34.63,-19.099,120
32.665,-19.466,120
30.747,-20.023,120
30.429,-21.383,120
32.255,-22.188,120
34.167,-22.774,120
36.101,-23.283,120
38.045,-23.754,120
39.994,-24.203,120
41.946,-24.638,120
43.9,-25.065,120
45.855,-25.488,120
47.81,-25.909,120
49.765,-26.332,120
51.719,-26.756,120
53.673,-27.185,120
55.625,-27.62,120
57.576,-28.06,120
59.525,-28.508,120
61.472,-28.965,120
63.417,-29.431,120
65.359,-29.908,120
67.299,-30.397,120
69.235,-30.898,120
71.167,-31.413,120
73.096,-31.944,120
75.034,-32.325,120,0
77.022,-32.113,120
79.013,-31.922,120
81.007,-31.759,120
83.002,-31.631,120
85.001,-31.556,120
87.001,-31.57,120
88.985,-31.794,120
89.737,-33.077,120
88.112,-34.23,120
86.326,-35.128,120
84.492,-35.925,120
82.634,-36.667,120
80.762,-37.37,120
78.879,-38.044,120
76.988,-38.695,120
75.09,-39.327,120
73.188,-39.943,120
71.28,-40.545,120
69.369,-41.134,120
67.454,-41.712,120
65.537,-42.279,120
63.616,-42.836,120
61.692,-43.384,120
59.766,-43.923,120
57.838,-44.452,120
55.907,-44.974,120
53.973,-45.486,120
52.038,-45.99,120
50.1,-46.486,120
48.16,-46.972,120
46.218,-47.45,120
44.274,-47.918,120
42.327,-48.376,120
40.378,-48.823,120,0
38.43,-49.277,120
36.492,-49.771,120
34.569,-50.319,120
32.673,-50.955,120
30.839,-51.749,120
29.269,-52.957,120
29.697,-54.7,120
31.4,-55.737,120
33.248,-56.5,120
35.141,-57.145,120
37.055,-57.724,120
38.982,-58.262,120
40.915,-58.773,120
42.853,-59.266,120
44.795,-59.747,120
46.738,-60.221,120
48.681,-60.692,120
50.625,-61.162,120
52.569,-61.635,120
54.511,-62.11,120
56.452,-62.593,120
58.391,-63.083,120
60.328,-63.582,120
62.261,-64.094,120
64.191,-64.619,120
66.117,-65.159,120
68.038,-65.717,120
69.952,-66.295,120
71.86,-66.896,120
73.759,-67.521,120
75.655,-68.16,120,0
77.569,-68.74,120
79.509,-69.225,120
81.476,-69.582,120
83.468,-69.746,120
85.455,-69.569,120
87.188,-68.64,120
87.542,-66.75,120
86.642,-64.978,120
85.277,-63.521,120
83.685,-62.315,120
81.95,-61.322,120
80.116,-60.527,120
78.21,-59.922,120
76.255,-59.505,120
74.27,-59.272,120
72.271,-59.227,120
70.276,-59.36,120
68.301,-59.671,120
66.36,-60.151,120
64.465,-60.788,120
62.625,-61.57,120
60.849,-62.489,120
59.143,-63.532,120,0
57.538,-64.723,120
56.092,-66.102,120
54.889,-67.696,120
54.059,-69.509,120
53.721,-71.474,120
53.902,-73.461,120
54.516,-75.36,120
55.445,-77.129,120
56.592,-78.766,120
57.892,-80.285,120
59.303,-81.701,120
60.799,-83.029,120
62.358,-84.281,120
63.968,-85.468,120
65.621,-86.593,120
67.309,-87.666,120
69.027,-88.69,120
70.771,-89.669,120
72.537,-90.607,120
74.323,-91.507,120
76.128,-92.369,120
77.949,-93.196,120
79.785,-93.989,120
81.634,-94.75,120
83.497,-95.479,120
85.371,-96.176,120
87.257,-96.841,120
89.154,-97.476,120
91.061,-98.079,120
92.978,-98.65,120
94.904,-99.188,120
96.839,-99.693,120
98.783,-100.162,120
100.736,-100.596,120
102.696,-100.991,120
104.664,-101.345,120
106.64,-101.657,120
106.998,-102.59,120,0
105.782,-104.178,120
104.59,-105.785,120
103.429,-107.413,120
102.31,-109.071,120
101.25,-110.766,120
100.283,-112.516,120
99.476,-114.345,120
99.032,-116.288,120
99.581,-118.157,120
101.288,-119.148,120
103.245,-119.548,120
105.231,-119.782,120
107.215,-120.033,120
109.175,-120.43,120
111.051,-121.114,120
112.7,-122.231,120
113.905,-123.815,120
114.682,-125.655,120,0
115.908,-127.203,120
117.668,-126.676,120
118.83,-125.053,120
119.777,-123.292,120
120.64,-121.488,120
121.462,-119.665,120
122.267,-117.834,120
123.065,-116,120
123.864,-114.167,120
124.67,-112.336,120
125.486,-110.51,120
126.314,-108.69,120
127.158,-106.876,120
128.018,-105.071,120
128.896,-103.274,120
129.793,-101.486,120
130.711,-99.709,120
131.649,-97.943,120
132.61,-96.189,120
133.594,-94.448,120,0
134.596,-92.717,120
135.61,-90.993,120
136.641,-89.28,120
137.698,-87.581,120
138.8,-85.913,120
140.007,-84.319,120
141.549,-83.785,120
141.786,-85.76,120
141.751,-87.76,120
141.689,-89.759,120
141.652,-91.758,120
141.671,-93.758,120
141.768,-95.756,120
141.97,-97.745,120
142.307,-99.716,120
142.709,-101.672,120,0
142.361,-103.624,120
141.34,-105.337,120
139.988,-106.807,120
138.465,-108.103,120
136.847,-109.277,120
135.168,-110.364,120
133.448,-111.385,120
131.699,-112.354,120
129.928,-113.284,120
128.141,-114.181,120
126.341,-115.052,120
124.53,-115.901,120
122.711,-116.733,120
120.885,-117.55,120
119.054,-118.355,120
117.219,-119.149,120
115.38,-119.934,120
113.537,-120.713,120
111.693,-121.487,120
109.847,-122.255,120
107.999,-123.021,120
106.15,-123.783,120
104.301,-124.544,120
102.451,-125.305,120
100.601,-126.065,120
98.751,-126.825,120
96.901,-127.586,120
95.052,-128.349,120
93.204,-129.113,120
91.357,-129.88,120
89.511,-130.65,120
87.667,-131.423,120
85.824,-132.201,120
83.983,-132.982,120
82.144,-133.767,120
80.307,-134.558,120
78.471,-135.353,120
76.639,-136.154,120
74.809,-136.962,120
72.982,-137.774,120
71.158,-138.594,120
69.336,-139.421,120
67.518,-140.255,120
65.704,-141.096,120
63.893,-141.945,120
62.086,-142.802,120
60.283,-143.668,120
58.484,-144.542,120
56.69,-145.425,120
54.9,-146.318,120
53.116,-147.221,120
51.336,-148.133,120,0
49.559,-149.051,120
47.778,-149.961,120
45.992,-150.861,120
44.201,-151.75,120
42.403,-152.626,120
40.596,-153.485,120
38.78,-154.323,120
36.953,-155.136,120
35.111,-155.914,120
33.248,-156.643,120
31.359,-157.3,120
29.431,-157.829,120
27.451,-158.076,120
25.678,-157.343,120
25.403,-155.402,120
25.757,-153.434,120
26.147,-151.473,120
26.298,-149.482,120
25.802,-147.565,120
24.36,-146.221,120
22.459,-145.627,120
20.467,-145.464,120
18.468,-145.52,120,0
16.469,-145.555,120
14.47,-145.506,120
12.476,-145.352,120
10.498,-145.061,120
8.556,-144.587,120
6.692,-143.868,120
4.98,-142.84,120
3.516,-141.482,120
2.304,-139.893,120
1.107,-138.292,120
-0.489,-137.117,120
-2.583,-136.748,120,0
-2.583,-136.748,0,0
#PATH.JERRYIO-DATA {"appVersion":"0.5.1","format":"path.jerryio v0.1.x (cm, rpm)","gc":{"robotWidth":45.72,"robotHeight":45.72,"robotIsHolonomic":false,"showRobot":true,"uol":1,"pointDensity":2,"controlMagnetDistance":12.7,"fieldImage":{"displayName":"VRC 2024 - Over Under","signature":"VRC 2024 - Over Under","origin":{"__type":"built-in"}}},"paths":[{"segments":[{"controls":[{"uid":"rNRGxPMdJa","x":-87.0551987767584,"y":-154.22538226299696,"lock":false,"visible":true,"heading":0,"__type":"end-point"},{"uid":"vBbezsRaka","x":-72.97645259938838,"y":-158.10917431192664,"lock":false,"visible":true,"__type":"control"},{"uid":"kDt9m81gGR","x":-107.93058103975535,"y":-10.039602446483185,"lock":false,"visible":true,"__type":"control"},{"uid":"wv5KQnCvt7","x":-68.1217125382263,"y":-9.554128440366977,"lock":false,"visible":true,"heading":0,"__type":"end-point"}],"speedProfiles":[],"lookaheadKeyframes":[],"uid":"nCvfncJqMu"},{"controls":[{"uid":"wv5KQnCvt7","x":-68.1217125382263,"y":-9.554128440366977,"lock":false,"visible":true,"heading":0,"__type":"end-point"},{"uid":"HNInlGCC5b","x":-10.835779816513758,"y":3.0681957186544313,"lock":false,"visible":true,"__type":"control"},{"uid":"ExEQOreaZB","x":-170.55672782874612,"y":55.01391437308869,"lock":false,"visible":true,"__type":"control"},{"uid":"d3C6cS4it0","x":-38.99327217125382,"y":55.01391437308869,"lock":false,"visible":true,"heading":0,"__type":"end-point"}],"speedProfiles":[],"lookaheadKeyframes":[],"uid":"5I8ZsxV0DN"},{"controls":[{"uid":"d3C6cS4it0","x":-38.99327217125382,"y":55.01391437308869,"lock":false,"visible":true,"heading":0,"__type":"end-point"},{"uid":"S4DUGYrN46","x":40.138990825688076,"y":50.64464831804281,"lock":false,"visible":true,"__type":"control"},{"uid":"19ufzntsXA","x":-138.02996941896023,"y":125.89311926605505,"lock":false,"visible":true,"__type":"control"},{"uid":"5tB0yADJZF","x":-110.8434250764526,"y":132.68975535168195,"lock":false,"visible":true,"heading":0,"__type":"end-point"}],"speedProfiles":[],"lookaheadKeyframes":[],"uid":"wAd8LgJnKc"},{"controls":[{"uid":"5tB0yADJZF","x":-110.8434250764526,"y":132.68975535168195,"lock":false,"visible":true,"heading":0,"__type":"end-point"},{"uid":"tr7h8XCyK6","x":-103.07584097859328,"y":168.12935779816513,"lock":false,"visible":true,"__type":"control"},{"uid":"MTCm9EHhG6","x":91.59923547400611,"y":140.9428134556575,"lock":false,"visible":true,"__type":"control"},{"uid":"nToT9VuWIB","x":100.82324159021407,"y":147.73944954128442,"lock":false,"visible":true,"heading":0,"__type":"end-point"}],"speedProfiles":[],"lookaheadKeyframes":[],"uid":"VDiAINjP4R"},{"controls":[{"uid":"nToT9VuWIB","x":100.82324159021407,"y":147.73944954128442,"lock":false,"visible":true,"heading":0,"__type":"end-point"},{"uid":"Z2qQz7ycYP","x":110.04724770642204,"y":154.5360856269113,"lock":false,"visible":true,"__type":"control"},{"uid":"u8UKgR8rh2","x":96.6967125382263,"y":121.76659021406728,"lock":false,"visible":true,"__type":"control"},{"uid":"UWgFmrXV3m","x":92.57018348623853,"y":95.79373088685014,"lock":false,"visible":true,"heading":0,"__type":"end-point"}],"speedProfiles":[],"lookaheadKeyframes":[],"uid":"6BpDkbf9Fn"},{"controls":[{"uid":"UWgFmrXV3m","x":92.57018348623853,"y":95.79373088685014,"lock":false,"visible":true,"heading":0,"__type":"end-point"},{"uid":"OQMcJiZzNw","x":88.44365443425076,"y":69.82087155963302,"lock":false,"visible":true,"__type":"control"},{"uid":"hFSGjrss9k","x":69.75290519877676,"y":90.21077981651375,"lock":false,"visible":true,"__type":"control"},{"uid":"Shmcirakcv","x":46.93562691131499,"y":84.62782874617737,"lock":false,"visible":true,"heading":0,"__type":"end-point"}],"speedProfiles":[],"lookaheadKeyframes":[],"uid":"os7pQL7gRM"},{"controls":[{"uid":"Shmcirakcv","x":46.93562691131499,"y":84.62782874617737,"lock":false,"visible":true,"heading":0,"__type":"end-point"},{"uid":"2S6snXSJ7j","x":24.11834862385322,"y":79.04487767584098,"lock":false,"visible":true,"__type":"control"},{"uid":"kwMbDJBvza","x":34.070565749235485,"y":77.83119266055046,"lock":false,"visible":true,"__type":"control"},{"uid":"IiSBWr4hLc","x":21.205504587155968,"y":71.03455657492354,"lock":false,"visible":true,"heading":0,"__type":"end-point"}],"speedProfiles":[],"lookaheadKeyframes":[],"uid":"c9GTDLzLOK"},{"controls":[{"uid":"IiSBWr4hLc","x":21.205504587155968,"y":71.03455657492354,"lock":false,"visible":true,"heading":0,"__type":"end-point"},{"uid":"BCK5Egcg1E","x":8.340443425076455,"y":64.23792048929664,"lock":false,"visible":true,"__type":"control"},{"uid":"EaREDx24tJ","x":21.205504587155968,"y":64.23792048929664,"lock":false,"visible":true,"__type":"control"},{"uid":"4mzppmv7U9","x":21.205504587155968,"y":57.44128440366972,"lock":false,"visible":true,"heading":0,"__type":"end-point"}],"speedProfiles":[],"lookaheadKeyframes":[],"uid":"MT4ZHy61f2"},{"controls":[{"uid":"4mzppmv7U9","x":21.205504587155968,"y":57.44128440366972,"lock":false,"visible":true,"heading":0,"__type":"end-point"},{"uid":"Z9IFsvS28b","x":21.205504587155968,"y":50.6446483180428,"lock":false,"visible":true,"__type":"control"},{"uid":"XolkWgzyOZ","x":29.4585626911315,"y":53.31475535168195,"lock":false,"visible":true,"__type":"control"},{"uid":"8FtyPBEqY8","x":37.71162079510704,"y":49.18822629969419,"lock":false,"visible":true,"heading":0,"__type":"end-point"}],"speedProfiles":[],"lookaheadKeyframes":[],"uid":"L2vTg7dBQa"},{"controls":[{"uid":"8FtyPBEqY8","x":37.71162079510704,"y":49.18822629969419,"lock":false,"visible":true,"heading":0,"__type":"end-point"},{"uid":"O2dw2tOwtD","x":45.96467889908257,"y":45.06169724770643,"lock":false,"visible":true,"__type":"control"},{"uid":"gRAev9imBF","x":48.14931192660551,"y":48.94548929663609,"lock":false,"visible":true,"__type":"control"},{"uid":"pUD48lnu0p","x":58.58700305810398,"y":48.70275229357798,"lock":false,"visible":true,"heading":0,"__type":"end-point"}],"speedProfiles":[],"lookaheadKeyframes":[],"uid":"NXlxZsWI0F"},{"controls":[{"uid":"pUD48lnu0p","x":58.58700305810398,"y":48.70275229357798,"lock":false,"visible":true,"heading":0,"__type":"end-point"},{"uid":"HsKypaY38L","x":69.02469418960246,"y":48.46001529051988,"lock":false,"visible":true,"__type":"control"},{"uid":"Y62vjnKEf8","x":68.05374617737004,"y":48.70275229357798,"lock":false,"visible":true,"__type":"control"},{"uid":"HX6UxkYnCa","x":77.52048929663609,"y":48.70275229357798,"lock":false,"visible":true,"heading":0,"__type":"end-point"}],"speedProfiles":[],"lookaheadKeyframes":[],"uid":"rLZZUb23tF"},{"controls":[{"uid":"HX6UxkYnCa","x":77.52048929663609,"y":48.70275229357798,"lock":false,"visible":true,"heading":0,"__type":"end-point"},{"uid":"xEqQpA4vDW","x":86.98723241590214,"y":48.70275229357798,"lock":false,"visible":true,"__type":"control"},{"uid":"0LcH7QwoKh","x":84.8025993883792,"y":47.97454128440367,"lock":false,"visible":true,"__type":"control"},{"uid":"wR0J569w5C","x":92.08470948012233,"y":47.246330275229354,"lock":false,"visible":true,"heading":0,"__type":"end-point"}],"speedProfiles":[],"lookaheadKeyframes":[],"uid":"kG93ClpImp"},{"controls":[{"uid":"wR0J569w5C","x":92.08470948012233,"y":47.246330275229354,"lock":false,"visible":true,"heading":0,"__type":"end-point"},{"uid":"kOu7i2tlu1","x":99.36681957186545,"y":46.51811926605504,"lock":false,"visible":true,"__type":"control"},{"uid":"CcS3E0jMBh","x":99.85229357798165,"y":47.48906727828746,"lock":false,"visible":true,"__type":"control"},{"uid":"no6FzsCzme","x":107.61987767584098,"y":47.73180428134557,"lock":false,"visible":true,"heading":0,"__type":"end-point"}],"speedProfiles":[],"lookaheadKeyframes":[],"uid":"UalyR6FnKI"},{"controls":[{"uid":"no6FzsCzme","x":107.61987767584098,"y":47.73180428134557,"lock":false,"visible":true,"heading":0,"__type":"end-point"},{"uid":"mHNaQyt5r0","x":115.38746177370031,"y":47.97454128440367,"lock":false,"visible":true,"__type":"control"},{"uid":"qZI9Gp2wGV","x":40.62446483180428,"y":27.827370030581037,"lock":false,"visible":true,"__type":"control"},{"uid":"W8JPVcslgt","x":40.138990825688076,"y":19.574311926605503,"lock":false,"visible":true,"heading":0,"__type":"end-point"}],"speedProfiles":[],"lookaheadKeyframes":[],"uid":"DbANGJJpcM"},{"controls":[{"uid":"W8JPVcslgt","x":40.138990825688076,"y":19.574311926605503,"lock":false,"visible":true,"heading":0,"__type":"end-point"},{"uid":"7mACaYUvoa","x":72.66574923547401,"y":10.835779816513758,"lock":false,"visible":true,"heading":0,"__type":"end-point"}],"speedProfiles":[],"lookaheadKeyframes":[],"uid":"gXdr5Tt0KC"},{"controls":[{"uid":"7mACaYUvoa","x":72.66574923547401,"y":10.835779816513758,"lock":false,"visible":true,"heading":0,"__type":"end-point"},{"uid":"POlW1BWs0u","x":163.44938837920492,"y":23.458103975535167,"lock":false,"visible":true,"__type":"control"},{"uid":"YQLAX5HUHe","x":54.9459480122324,"y":6.466513761467888,"lock":false,"visible":true,"__type":"control"},{"uid":"jM6Uykqcge","x":39.16804281345566,"y":6.951987767584095,"lock":false,"visible":true,"heading":0,"__type":"end-point"}],"speedProfiles":[],"lookaheadKeyframes":[],"uid":"kxwd4R2dZm"},{"controls":[{"uid":"jM6Uykqcge","x":39.16804281345566,"y":6.951987767584095,"lock":false,"visible":true,"heading":0,"__type":"end-point"},{"uid":"eaxq0g3BQD","x":23.390137614678927,"y":7.437461773700302,"lock":false,"visible":true,"__type":"control"},{"uid":"gciLOL8eto","x":52.51857798165139,"y":-0.8155963302752332,"lock":false,"visible":true,"__type":"control"},{"uid":"rWHBwyCWXE","x":82.37522935779818,"y":-10.525076452599393,"lock":false,"visible":true,"heading":0,"__type":"end-point"}],"speedProfiles":[],"lookaheadKeyframes":[],"uid":"6naZd2tyYa"},{"controls":[{"uid":"rWHBwyCWXE","x":82.37522935779818,"y":-10.525076452599393,"lock":false,"visible":true,"heading":0,"__type":"end-point"},{"uid":"63lK1eYs5B","x":112.96009174311928,"y":-8.097706422018353,"lock":false,"visible":true,"__type":"control"},{"uid":"thHAVihxhU","x":69.99564220183487,"y":-15.379816513761472,"lock":false,"visible":true,"__type":"control"},{"uid":"qT2KX5AacL","x":41.109938837920495,"y":-18.29266055045872,"lock":false,"visible":true,"heading":0,"__type":"end-point"}],"speedProfiles":[],"lookaheadKeyframes":[],"uid":"sjB8d6Vtd3"},{"controls":[{"uid":"qT2KX5AacL","x":41.109938837920495,"y":-18.29266055045872,"lock":false,"visible":true,"heading":0,"__type":"end-point"},{"uid":"4ymvu8eop0","x":12.224235474006122,"y":-21.205504587155968,"lock":false,"visible":true,"__type":"control"},{"uid":"DuLBvdUZat","x":44.99373088685016,"y":-23.875611620795116,"lock":false,"visible":true,"__type":"control"},{"uid":"u13jiYM9Q4","x":74.60764525993885,"y":-32.371406727828756,"lock":false,"visible":true,"heading":0,"__type":"end-point"}],"speedProfiles":[],"lookaheadKeyframes":[],"uid":"lP11dV4Rec"},{"controls":[{"uid":"u13jiYM9Q4","x":74.60764525993885,"y":-32.371406727828756,"lock":false,"visible":true,"heading":0,"__type":"end-point"},{"uid":"iQoVCT2TP1","x":113.44556574923548,"y":-28.002140672782883,"lock":false,"visible":true,"__type":"control"},{"uid":"UkRPxEXd3C","x":70.23837920489298,"y":-42.08088685015291,"lock":false,"visible":true,"__type":"control"},{"uid":"6wtpDuySM6","x":40.13899082568808,"y":-48.87752293577982,"lock":false,"visible":true,"heading":0,"__type":"end-point"}],"speedProfiles":[],"lookaheadKeyframes":[],"uid":"bpvzdfdOwS"},{"controls":[{"uid":"6wtpDuySM6","x":40.13899082568808,"y":-48.87752293577982,"lock":false,"visible":true,"heading":0,"__type":"end-point"},{"uid":"NDyL8sCWEN","x":10.039602446483187,"y":-55.67415902140674,"lock":false,"visible":true,"__type":"control"},{"uid":"72Q20ypJXr","x":47.90657492354741,"y":-58.58700305810398,"lock":false,"visible":true,"__type":"control"},{"uid":"Evv5n77ev5","x":74.60764525993885,"y":-67.81100917431193,"lock":false,"visible":true,"heading":0,"__type":"end-point"}],"speedProfiles":[],"lookaheadKeyframes":[],"uid":"91Rv4YHpVN"},{"controls":[{"uid":"Evv5n77ev5","x":74.60764525993885,"y":-67.81100917431193,"lock":false,"visible":true,"heading":0,"__type":"end-point"},{"uid":"qrbMBSrqNn","x":101.30871559633029,"y":-77.0350152905199,"lock":false,"visible":true,"__type":"control"},{"uid":"pU7xsQmDFe","x":82.1324923547401,"y":-49.60573394495414,"lock":false,"visible":true,"__type":"control"},{"uid":"31NrZavQx4","x":60.04342507645261,"y":-62.95626911314986,"lock":false,"visible":true,"heading":0,"__type":"end-point"}],"speedProfiles":[],"lookaheadKeyframes":[],"uid":"LCVz4B0uGQ"},{"controls":[{"uid":"31NrZavQx4","x":60.04342507645261,"y":-62.95626911314986,"lock":false,"visible":true,"heading":0,"__type":"end-point"},{"uid":"N79JozgI8A","x":37.954357798165134,"y":-76.30680428134558,"lock":false,"visible":true,"__type":"control"},{"uid":"ZoQiAnAmdv","x":78.49143730886851,"y":-97.91039755351683,"lock":false,"visible":true,"__type":"control"},{"uid":"nL17IcfBIk","x":107.619877675841,"y":-101.7941896024465,"lock":false,"visible":true,"heading":0,"__type":"end-point"}],"speedProfiles":[],"lookaheadKeyframes":[],"uid":"Rin4MuNBX5"},{"controls":[{"uid":"nL17IcfBIk","x":107.619877675841,"y":-101.7941896024465,"lock":false,"visible":true,"heading":0,"__type":"end-point"},{"uid":"UxSFMUC05G","x":86.25902140672784,"y":-128.98073394495415,"lock":false,"visible":true,"__type":"control"},{"uid":"SsnNmj81qp","x":111.01819571865445,"y":-113.44556574923548,"lock":false,"visible":true,"__type":"control"},{"uid":"tFeZNPbbbG","x":114.41651376146791,"y":-125.09694189602448,"lock":false,"visible":true,"heading":0,"__type":"end-point"}],"speedProfiles":[],"lookaheadKeyframes":[],"uid":"l8u373d1q4"},{"controls":[{"uid":"tFeZNPbbbG","x":114.41651376146791,"y":-125.09694189602448,"lock":false,"visible":true,"heading":0,"__type":"end-point"},{"uid":"Snf5SU9qIq","x":118.30030581039757,"y":-133.83547400611621,"lock":false,"visible":true,"__type":"control"},{"uid":"zuNGZVm6cN","x":121.21314984709481,"y":-115.87293577981653,"lock":false,"visible":true,"__type":"control"},{"uid":"csWOOY0s9u","x":133.83547400611621,"y":-94.02660550458717,"lock":false,"visible":true,"heading":0,"__type":"end-point"}],"speedProfiles":[],"lookaheadKeyframes":[],"uid":"vEDQ85GbUt"},{"controls":[{"uid":"csWOOY0s9u","x":133.83547400611621,"y":-94.02660550458717,"lock":false,"visible":true,"heading":0,"__type":"end-point"},{"uid":"1hAZSqbJn6","x":146.4577981651376,"y":-72.1802752293578,"lock":false,"visible":true,"__type":"control"},{"uid":"8S05LXvgxi","x":139.41842507645262,"y":-89.17186544342509,"lock":false,"visible":true,"__type":"control"},{"uid":"MFgFu5MLo1","x":142.57400611620798,"y":-100.82324159021408,"lock":false,"visible":true,"heading":0,"__type":"end-point"}],"speedProfiles":[],"lookaheadKeyframes":[],"uid":"9yYIGHZsUh"},{"controls":[{"uid":"MFgFu5MLo1","x":142.57400611620798,"y":-100.82324159021408,"lock":false,"visible":true,"heading":0,"__type":"end-point"},{"uid":"WPUJFUS8S5","x":145.72958715596334,"y":-112.47461773700307,"lock":false,"visible":true,"__type":"control"},{"uid":"hNHS6Uf7dJ","x":96.69671253822632,"y":-124.61146788990827,"lock":false,"visible":true,"__type":"control"},{"uid":"cWDRQTvVSU","x":50.819418960244654,"y":-148.39969418960246,"lock":false,"visible":true,"heading":0,"__type":"end-point"}],"speedProfiles":[],"lookaheadKeyframes":[],"uid":"dS3SUfrH3W"},{"controls":[{"uid":"cWDRQTvVSU","x":50.819418960244654,"y":-148.39969418960246,"lock":false,"visible":true,"heading":0,"__type":"end-point"},{"uid":"UopBw6CP0q","x":4.9421253822629865,"y":-172.18792048929663,"lock":false,"visible":true,"__type":"control"},{"uid":"PLSUZadpNd","x":39.41077981651375,"y":-144.51590214067278,"lock":false,"visible":true,"__type":"control"},{"uid":"LHyudR5uNO","x":19.263608562691136,"y":-145.48685015290522,"lock":false,"visible":true,"heading":0,"__type":"end-point"}],"speedProfiles":[],"lookaheadKeyframes":[],"uid":"PHWjQ0pXTJ"},{"controls":[{"uid":"LHyudR5uNO","x":19.263608562691136,"y":-145.48685015290522,"lock":false,"visible":true,"heading":0,"__type":"end-point"},{"uid":"ViMZBZuNB8","x":-0.8835626911314947,"y":-146.45779816513766,"lock":false,"visible":true,"__type":"control"},{"uid":"T8BJyX5QKj","x":4.699388379204899,"y":-136.74831804281348,"lock":false,"visible":true,"__type":"control"},{"uid":"RCrXJQuVbz","x":-2.5827217125382234,"y":-136.74831804281348,"lock":false,"visible":true,"heading":0,"__type":"end-point"}],"speedProfiles":[],"lookaheadKeyframes":[],"uid":"XssGGptgz4"}],"pc":{"speedLimit":{"minLimit":{"value":0,"label":"0"},"maxLimit":{"value":600,"label":"600"},"step":1,"from":40,"to":120},"bentRateApplicableRange":{"minLimit":{"value":0,"label":"0"},"maxLimit":{"value":4,"label":"4"},"step":0.01,"from":1.4,"to":1.8}},"name":"Path","uid":"PeSqSFjhcq","lock":false,"visible":true}]}